1	1804289408.000000	1804289408.000000
2	2651220224.000000	1325610112.000000
3	4332913152.000000	1444304384.000000
4	6047549952.000000	1511887488.000000
5	8005297664.000000	1601059532.800000
6	8429535744.000000	1404922624.000000
7	9149421568.000000	1307060224.000000
8	10799181824.000000	1349897728.000000
9	11395698688.000000	1266188743.111111
10	12585339904.000000	1258533990.400000
11	13610542080.000000	1237322007.272727
12	14961032192.000000	1246752682.666667
13	15744400384.000000	1211107721.846154
14	16846920704.000000	1203351478.857143
15	18891819008.000000	1259454600.533333
16	20859332608.000000	1303708288.000000
17	22224513024.000000	1307324295.529412
18	23764895744.000000	1320271985.777778
19	24068984832.000000	1266788675.368421
20	25372440576.000000	1268622028.800000
21	25407444992.000000	1209878332.952381
22	25929039872.000000	1178592721.454545
23	26223742976.000000	1140162738.086957
24	27950698496.000000	1164612437.333333
25	28287164416.000000	1131486576.640000
26	29148186624.000000	1121084100.923077
27	29426909184.000000	1089885525.333333
28	29660573696.000000	1059306203.428571
29	31805747200.000000	1096749903.448276
30	32274450432.000000	1075815014.400000
31	33375965184.000000	1076644038.193548
32	35177943040.000000	1099310720.000000
33	36493578240.000000	1105866007.272727
34	37129302016.000000	1092038294.588235
35	38498435072.000000	1099955287.771429
36	39624331264.000000	1100675868.444444
37	40684294144.000000	1099575517.405406
38	42773311488.000000	1125613460.210526
39	43401486336.000000	1112858624.000000
40	45057966080.000000	1126449152.000000
41	46189142016.000000	1126564439.414634
42	47842521088.000000	1139107644.952381
43	48702005248.000000	1132604773.209302
44	50616549376.000000	1150376122.181818
45	51224965120.000000	1138332558.222222
46	51981864960.000000	1130040542.608696
47	53716439040.000000	1142902958.297872
48	55690035200.000000	1160209066.666667
49	55839834112.000000	1139588451.265306
50	57878499328.000000	1157569986.560000
51	59008065536.000000	1157020892.862745
52	59192868864.000000	1138324401.230769
53	59605643264.000000	1124634778.566038
54	61029912576.000000	1130183566.222222
55	62941671424.000000	1144394025.890909
56	63690911744.000000	1137337709.714286
57	63828717568.000000	1119802062.596491
58	63871717376.000000	1101236506.482759
59	64854626304.000000	1099230954.305085
60	64990121984.000000	1083168699.733333
61	65501822976.000000	1073800376.655738
62	67586244608.000000	1090100719.483871
63	69523718144.000000	1103551081.650794
64	71351058432.000000	1114860288.000000
65	71923720192.000000	1106518772.184615
66	73082847232.000000	1107315867.151515
67	73888595968.000000	1102814865.194030
68	75521220608.000000	1110606185.411765
69	76621881344.000000	1110462048.463768
70	78055809024.000000	1115082986.057143
71	79197421568.000000	1115456641.802817
72	79281774592.000000	1101135758.222222
73	80221593600.000000	1098925939.726027
74	82222694400.000000	1111117491.891892
75	84221591552.000000	1122954554.026667
76	85769822208.000000	1128550292.210526
77	86380339200.000000	1121822587.012987
78	87966326784.000000	1127773420.307692
79	89340674048.000000	1130894608.202532
80	90100989952.000000	1126262374.400000
81	91578163200.000000	1130594607.407408
82	91934588928.000000	1121153523.512195
83	92879708160.000000	1119032628.433735
84	94769651712.000000	1128210139.428571
85	96550346752.000000	1135886432.376471
86	97259741184.000000	1130927223.069767
87	97751449600.000000	1123579880.459770
88	99669950464.000000	1132613073.454545
89	100422344704.000000	1128340951.730337
90	101896953856.000000	1132188376.177778
91	103950950400.000000	1142318136.263736
92	105215041536.000000	1143641755.826087
93	106626588672.000000	1146522458.838710
94	108470583296.000000	1153942375.489362
95	109414531072.000000	1151731906.021053
96	111398739968.000000	1160403541.333333
97	112254377984.000000	1157261628.701031
98	114004074496.000000	1163306882.612245
99	115473424384.000000	1166398226.101010
100	117429723136.000000	1174297231.360000
101	118465863680.000000	1172929343.366337
102	118929342464.000000	1165973945.725490
103	120969994240.000000	1174465963.495146
104	122945953792.000000	1182172632.615385
105	123263049728.000000	1173933806.933333
106	125155115008.000000	1180708632.150943
107	126531821568.000000	1182540388.485981
108	127459434496.000000	1180179949.037037
109	128790011904.000000	1181559742.238532
110	129393582080.000000	1176305291.636364
111	131081510912.000000	1180914512.720721
112	131741769728.000000	1176265801.142857
113	132701765632.000000	1174351908.247788
114	133187321856.000000	1168309840.842105
115	133590048768.000000	1161652597.982609
116	134183256064.000000	1156752207.448276
117	135378206720.000000	1157078689.914530
118	136272633856.000000	1154852829.288136
119	136636858368.000000	1148208893.848739
120	138584211456.000000	1154868428.800000
121	138805772288.000000	1147155142.876033
122	139076517888.000000	1139971458.098361
123	140140478464.000000	1139353483.447155
124	141773586432.000000	1143335374.451613
125	143888318464.000000	1151106547.712000
126	145896226816.000000	1157906562.031746
127	147366068224.000000	1160362741.921260
128	148188954624.000000	1157726208.000000
129	149799075840.000000	1161233146.046512
130	150590767104.000000	1158390516.184615
131	151222468608.000000	1154369989.374046
132	151721246720.000000	1149403384.242424
133	152976424960.000000	1150198683.909775
134	153501302784.000000	1145532110.328358
135	153828556800.000000	1139470791.111111
136	155400830976.000000	1142653168.941176
137	155670282240.000000	1136279432.408759
138	157374251008.000000	1140393123.246377
139	157726654464.000000	1134724132.834532
140	159326683136.000000	1138047736.685714
141	159486738432.000000	1131111620.085106
142	161527070720.000000	1137514582.535211
143	161639874560.000000	1130348773.146853
144	162759917568.000000	1130277205.333333
145	163138322432.000000	1125091878.841379
146	163653844992.000000	1120916746.520548
147	165367103488.000000	1124946282.231292
148	166940459008.000000	1127976074.378378
149	168350416896.000000	1129868569.771812
150	170427908096.000000	1136186053.973333
151	171801133056.000000	1137755848.052980
152	173432651776.000000	1141004288.000000
153	173633404928.000000	1134858855.738562
154	173923106816.000000	1129370823.480520
155	175040249856.000000	1129291934.554839
156	175208251392.000000	1123129816.615385
157	175358377984.000000	1116932343.847134
158	175797878784.000000	1112644802.430380
159	176788766720.000000	1111879035.974843
160	178549014528.000000	1115931340.800000
161	179780206592.000000	1116647245.913043
162	181402796032.000000	1119770345.876543
163	181514338304.000000	1113584897.570552
164	181853224960.000000	1108861127.804878
165	184000692224.000000	1115155710.448485
166	184439488512.000000	1111081256.096385
167	186350649344.000000	1115872151.760479
168	186620084224.000000	1110833834.666667
169	188762849280.000000	1116939936.568047
170	188878929920.000000	1111052528.941176
171	190748393472.000000	1115487681.122807
172	190903713792.000000	1109905312.744186
173	190912643072.000000	1103541289.433526
174	192894926848.000000	1108591533.609195
175	194170306560.000000	1109544608.914286
176	194557657088.000000	1105441233.454545
177	194907979776.000000	1101175026.983051
178	195749134336.000000	1099714237.842697
179	197709840384.000000	1104524247.955307
180	199470120960.000000	1108167338.666667
181	200241266688.000000	1106305340.817680
182	201427714048.000000	1106745681.582417
183	202672029696.000000	1107497430.032787
184	203643928576.000000	1106760481.391304
185	205120077824.000000	1108757177.427027
186	205334052864.000000	1103946520.774194
187	206473953280.000000	1104138787.593583
188	208100229120.000000	1106916112.340425
189	208753704960.000000	1104516957.460317
190	210884493312.000000	1109918385.852632
191	212123533312.000000	1110594415.246073
192	214008201216.000000	1114626048.000000
193	215614111744.000000	1117171563.440414
194	216964677632.000000	1118374626.969072
195	217040748544.000000	1113029479.712821
196	218646642688.000000	1115544095.346939
197	220436004864.000000	1118964491.695431
198	222423236608.000000	1123349679.838384
199	224298565632.000000	1127128470.512563
200	226083209216.000000	1130416046.080000
201	228186521600.000000	1135256326.368159
202	229783846912.000000	1137543796.594059
203	231723810816.000000	1141496605.004926
204	233836068864.000000	1146255239.529412
205	235268177920.000000	1147649648.390244
206	236336037888.000000	1147262319.844660
207	236688162816.000000	1143421076.405797
208	238470594560.000000	1146493243.076923
209	240379592704.000000	1150141591.885167
210	240544940032.000000	1145452095.390476
211	241940168704.000000	1146635870.635071
212	242472845312.000000	1143739836.377358
213	243824640000.000000	1144716619.718310
214	244316700672.000000	1141666825.570093
215	245821276160.000000	1143354772.837209
216	246501736448.000000	1141211742.814815
217	247207772160.000000	1139206323.317972
218	247704764416.000000	1136260387.229358
219	247864016896.000000	1131799163.908676
220	249223528448.000000	1132834220.218182
221	249703825408.000000	1129881562.932127
222	251102117888.000000	1131090621.117117
223	252198813696.000000	1130936384.286995
224	254285021184.000000	1135200987.428571
225	254886412288.000000	1132828499.057778
226	256059162624.000000	1133005144.353982
227	257603780608.000000	1134818416.775330
228	257847050240.000000	1130908115.087719
229	258859548672.000000	1130391042.235808
230	260132012032.000000	1131008747.965217
231	262159925248.000000	1134891451.290043
232	263128268800.000000	1134173572.413793
233	263850573824.000000	1132405896.240343
234	265670967296.000000	1135346014.085470
235	266604085248.000000	1134485469.140425
236	266611032064.000000	1129707762.983051
237	267351785472.000000	1128066605.367089
238	268637011968.000000	1128726941.042017
239	270426390528.000000	1131491173.757322
240	270928674816.000000	1128869478.400000
241	272379248640.000000	1130204351.203320
242	273416372224.000000	1129819719.933884
243	274451316736.000000	1129429286.979424
244	275106201600.000000	1127484432.786885
245	276635385856.000000	1129124023.902041
246	277027422208.000000	1126127732.552845
247	278362783744.000000	1126974832.971660
248	278450536448.000000	1122784421.161290
249	279339565056.000000	1121845642.795181
250	280834179072.000000	1123336716.288000
251	282281443328.000000	1124627264.254980
252	283650752512.000000	1125598224.253968
253	284396191744.000000	1124095619.541502
254	284792651776.000000	1121230912.503937
255	286100684800.000000	1121963469.803921
256	287447482368.000000	1122841728.000000
257	289016709120.000000	1124578634.708171
258	289721876480.000000	1122953009.612403
259	291311943680.000000	1124756539.305019
260	291746185216.000000	1122100712.369231
261	293723832320.000000	1125378667.892720
262	295194329088.000000	1126695912.549618
263	296596930560.000000	1127744983.117871
264	297149399040.000000	1125565905.454545
265	298292805632.000000	1125633228.800000
266	298481025024.000000	1122109116.631579
267	299040440320.000000	1120001649.138577
268	300924600320.000000	1122852986.268657
269	302398046208.000000	1124156305.605948
270	302599340032.000000	1120738296.414815
271	302838317056.000000	1117484564.782288
272	303614853120.000000	1116231077.647059
273	304853286912.000000	1116678706.637363
274	306127208448.000000	1117252585.576642
275	307558612992.000000	1118394956.334545
276	308178747392.000000	1116589664.463768
277	309844705280.000000	1118572943.249098
278	310463987712.000000	1116776934.215827
279	311171874816.000000	1115311379.268817
280	311579377664.000000	1112783491.657143
281	313693274112.000000	1116346171.217082
282	313700974592.000000	1112414803.517730
283	315477786624.000000	1114762496.904594
284	316189638656.000000	1113343798.084507
285	316593799168.000000	1110855435.677193
286	317531160576.000000	1110248813.202797
287	319589810176.000000	1113553345.560976
288	321563197440.000000	1116538880.000000
289	323205758976.000000	1118359027.598616
290	324707024896.000000	1119679396.193104
291	324967170048.000000	1116725670.268041
292	326439895040.000000	1117944846.027397
293	327264174080.000000	1116942573.651877
294	328926920704.000000	1118799050.013605
295	330952114176.000000	1121871573.477966
296	332919799808.000000	1124729053.405406
297	334770765824.000000	1127174295.703704
298	335207890944.000000	1124858694.442953
299	336912252928.000000	1126796832.535117
300	338089148416.000000	1126963828.053333
301	338727567360.000000	1125340755.348837
302	340670906368.000000	1128049358.834437
303	342624337920.000000	1130773392.475248
304	344501190656.000000	1133227600.842105
305	345570934784.000000	1133019458.308197
306	346808320000.000000	1133360522.875817
307	347157823488.000000	1130807242.631922
308	347746041856.000000	1129045590.441558
309	349602709504.000000	1131400354.381877
310	350660132864.000000	1131161718.916129
311	351655854080.000000	1130726218.906752
312	353478934528.000000	1132945302.974359
313	354544025600.000000	1132728516.293930
314	355169042432.000000	1131111600.101911
315	355556491264.000000	1128750765.917460
316	357025742848.000000	1129828300.151899
317	358588153856.000000	1131192914.372240
318	358886768640.000000	1128574744.150943
319	360181923840.000000	1129096939.937304
320	361239379968.000000	1128873062.400000
321	363039260672.000000	1130963428.884735
322	364594593792.000000	1132281347.180124
323	364977291264.000000	1129960654.068111
324	365453967360.000000	1127944343.703704
325	366524530688.000000	1127767786.732308
326	366784937984.000000	1125107171.730061
327	367081816064.000000	1122574361.051988
328	367855861760.000000	1121511773.658537
329	368553394176.000000	1120223082.601824
330	370554634240.000000	1122892831.030303
331	372505575424.000000	1125394487.685801
332	373841526784.000000	1126028695.132530
333	375638589440.000000	1128043812.132132
334	377395511296.000000	1129926680.526946
335	378460831744.000000	1129733826.101493
336	379180187648.000000	1128512463.238095
337	380027011072.000000	1127676590.718101
338	381441835008.000000	1128526139.076923
339	382749409280.000000	1129054304.660767
340	383305416704.000000	1127368872.658823
341	383630180352.000000	1125015191.648094
342	383785959424.000000	1122181167.906433
343	384017563648.000000	1119584733.667639
344	385407418368.000000	1120370402.232558
345	386188247040.000000	1119386223.304348
346	386807300096.000000	1117940173.687861
347	387518955520.000000	1116769324.265130
348	387714711552.000000	1114122734.344828
349	388632379392.000000	1113559826.338109
350	390639190016.000000	1116111971.474286
351	391892402176.000000	1116502570.301994
352	392462467072.000000	1114950190.545455
353	393877127168.000000	1115799227.104816
354	395513036800.000000	1117268465.536723
355	396559777792.000000	1117069796.597183
356	396897517568.000000	1114880667.325843
357	398793834496.000000	1117069564.414566
358	400137453568.000000	1117702384.268157
359	401249239040.000000	1117685902.618384
360	401695571968.000000	1115821033.244444
361	402892914688.000000	1116046855.091413
362	403808157696.000000	1115492148.331492
363	405590441984.000000	1117329041.278237
364	406437396480.000000	1116586254.065934
365	406962077696.000000	1114964596.427397
366	407662198784.000000	1113831144.218579
367	409228476416.000000	1115063968.435967
368	410599981056.000000	1115760818.086957
369	412714926080.000000	1118468634.363144
370	413441294336.000000	1117408903.610811
371	415368806400.000000	1119592470.080863
372	415661031424.000000	1117368364.043011
373	416543178752.000000	1116737744.643432
374	416554778624.000000	1113782830.545455
375	418236858368.000000	1115298288.981333
376	419899834368.000000	1116754878.638298
377	420530487296.000000	1115465483.543766
378	420776738816.000000	1113165975.703704
379	422635470848.000000	1115133168.464380
380	424183824384.000000	1116273222.063158
381	424289402880.000000	1113620480.000000
382	425253863424.000000	1113230008.963351
383	427372281856.000000	1115854521.817232
384	428892520448.000000	1116907605.333333
385	429345374208.000000	1115182790.150649
386	430363049984.000000	1114930181.305700
387	432221028352.000000	1116850202.459948
388	432422715392.000000	1114491534.515464
389	432636526592.000000	1112176160.904884
390	433458774016.000000	1111432753.887179
391	434106793984.000000	1110247554.946291
392	435517947904.000000	1111015173.224490
393	437255471104.000000	1112609341.231552
394	437538291712.000000	1110503278.456853
395	437648916480.000000	1107971940.455696
396	437763637248.000000	1105463730.424242
397	438746578944.000000	1105155110.690176
398	440423481344.000000	1106591661.668342
399	441909706752.000000	1107543124.691729
400	442860109824.000000	1107150274.560000
401	443115896832.000000	1105027174.144638
402	444382117888.000000	1105428153.950249
403	445624713216.000000	1105768519.146402
404	446762647552.000000	1105848137.504951
405	448040501248.000000	1106272842.587654
406	448817725440.000000	1105462377.931035
407	449471184896.000000	1104351805.641278
408	451379691520.000000	1106322773.333333
409	452403134464.000000	1106120133.163814
410	452767809536.000000	1104311730.575610
411	454077186048.000000	1104810671.649635
412	455206207488.000000	1104869435.650486
413	456535343104.000000	1105412453.036319
414	457815654400.000000	1105834914.009662
415	458317430784.000000	1104379351.286747
416	460099420160.000000	1106008221.538461
417	460249923584.000000	1103716843.127098
418	460462161920.000000	1101584119.425837
419	462445838336.000000	1103689351.637232
420	462810152960.000000	1101928935.619048
421	463844671488.000000	1101768815.885986
422	464328916992.000000	1100305490.502370
423	466104385536.000000	1101901620.652482
424	466728943616.000000	1100775810.415094
425	467496009728.000000	1099990611.124706
426	469382103040.000000	1101835922.629108
427	470121381888.000000	1100986842.829040
428	471871389696.000000	1102503246.953271
429	473286901760.000000	1103232871.235431
430	473364922368.000000	1100848656.669767
431	473917816832.000000	1099577301.234339
432	475589115904.000000	1100900731.259259
433	476933357568.000000	1101462719.556582
434	478728880128.000000	1103061935.778802
435	479390629888.000000	1102047425.029885
436	479865241600.000000	1100608352.293578
437	480290471936.000000	1099062864.842105
438	481605681152.000000	1099556349.662101
439	481841315840.000000	1097588418.769932
440	483290021888.000000	1098386413.381818
441	484969906176.000000	1099705002.666667
442	486514950144.000000	1100712556.886878
443	486945193984.000000	1099199083.485327
444	487806730240.000000	1098663806.846847
445	488484601856.000000	1097718206.417978
446	489416622080.000000	1097346686.278027
447	489912696832.000000	1096001558.908278
448	490741071872.000000	1095404178.285714
449	491885363200.000000	1095513058.351893
450	492217630720.000000	1093816957.155555
451	493410353152.000000	1094036259.760532
452	493441646592.000000	1091685058.831858
453	494258159616.000000	1091077615.046358
454	495078866944.000000	1090482085.779736
455	495734718464.000000	1089526853.767033
456	497318297600.000000	1090610301.754386
457	497877614592.000000	1089447734.336980
458	499272744960.000000	1090115163.668122
459	500458848256.000000	1090324288.139434
460	502433644544.000000	1092247053.356522
461	503906795520.000000	1093073309.154013
462	505645793280.000000	1094471414.025974
463	507144404992.000000	1095344287.239741
464	507814313984.000000	1094427400.827586
465	509201350656.000000	1095056668.077419
466	509214261248.000000	1092734466.197425
467	510358781952.000000	1092845357.498929
468	512171048960.000000	1094382583.247863
469	513499168768.000000	1094880956.861407
470	514879324160.000000	1095487923.744681
471	515992813568.000000	1095526143.456475
472	516853334016.000000	1095028250.033898
473	517631049728.000000	1094357399.002114
474	519174815744.000000	1095305518.447257
475	520896872448.000000	1096624994.627368
476	522352459776.000000	1097379117.176471
477	522680762368.000000	1095766797.417191
478	522751410176.000000	1093622197.020921
479	522887921664.000000	1091624053.578288
480	524360482816.000000	1092417672.533333
481	524763398144.000000	1090984195.725572
482	526092599296.000000	1091478421.775934
483	527596486656.000000	1092332270.509317
484	528815882240.000000	1092594798.016529
485	528818307072.000000	1090347024.890722
486	528830562304.000000	1088128729.020576
487	529486053376.000000	1087240356.008214
488	530047762432.000000	1086163447.606557
489	531455148032.000000	1086820343.623722
490	533296742400.000000	1088360698.775510
491	533685796864.000000	1086936449.824847
492	534418849792.000000	1086217174.373984
493	535851958272.000000	1086920807.853955
494	537739624448.000000	1088541749.894737
495	539142586368.000000	1089176942.157576
496	539815247872.000000	1088337193.290323
497	541715791872.000000	1089971412.217304
498	542115790848.000000	1088585925.397590
499	542453235712.000000	1087080632.689379
500	543534415872.000000	1087068831.744000
501	545314603008.000000	1088452301.413174
502	546765570048.000000	1089174442.326693
503	548707270656.000000	1090869325.359841
504	549117689856.000000	1089519225.904762
505	549964939264.000000	1089039483.691089
506	551481180160.000000	1089883755.256917
507	553347186688.000000	1091414569.404339
508	554522705920.000000	1091580129.763780
509	556109594624.000000	1092553231.088409
510	558112112640.000000	1094337475.764706
511	558612742144.000000	1093175620.634051
512	560602546176.000000	1094926848.000000
513	561786781696.000000	1095100938.978558
514	563791265792.000000	1096870166.910506
515	564853014528.000000	1096801969.957282
516	566039674880.000000	1096976114.108527
517	568056414208.000000	1098755153.206963
518	569773654016.000000	1099949139.027027
519	571522023424.000000	1101198503.707129
520	572798664704.000000	1101535893.661538
521	574209982464.000000	1102130484.575816
522	576347373568.000000	1104113742.467433
523	578357100544.000000	1105845316.527725
524	579054075904.000000	1105065030.351145
525	580931616768.000000	1106536412.891428
526	582196789248.000000	1106838002.372624
527	583566360576.000000	1107336547.582543
528	585197027328.000000	1108327703.272727
529	586862231552.000000	1109380399.909263
530	588569313280.000000	1110508138.264151
531	589133643776.000000	1109479555.133710
532	590431518720.000000	1109833681.804511
533	591442018304.000000	1109647313.891182
534	591800565760.000000	1108240759.850187
535	593508892672.000000	1109362416.209346
536	595366641664.000000	1110758659.820895
537	597241430016.000000	1112181433.921788
538	598668279808.000000	1112766319.345725
539	599554064384.000000	1112345202.938776
540	600868257792.000000	1112718995.911111
541	602150076416.000000	1113031564.539741
542	603536490496.000000	1113535960.324723
543	604693004288.000000	1113615109.186004
544	605011574784.000000	1112153630.117647
545	606254989312.000000	1112394475.801835
546	606325768192.000000	1110486754.930403
547	607830933504.000000	1111208287.941499
548	608943669248.000000	1111211075.270073
549	610731687936.000000	1112443876.021858
550	611837739008.000000	1112432252.741818
551	612079632384.000000	1110852327.375681
552	613131485184.000000	1110745444.173913
553	614227443712.000000	1110718704.723327
554	614331580416.000000	1108901769.703971
555	616080408576.000000	1110054790.227027
556	616906424320.000000	1109543928.633094
557	618275799040.000000	1110010411.202873
558	619246714880.000000	1109761137.777778
559	619555913728.000000	1108329004.880143
560	620443009024.000000	1107933944.685714
561	620973522944.000000	1106904675.479501
562	621847052288.000000	1106489416.882562
563	621884538880.000000	1104590655.204263
564	623425552384.000000	1105364454.581560
565	624657629184.000000	1105588724.219469
566	626403442688.000000	1106719863.406360
567	627654721536.000000	1106974817.523809
568	628614103040.000000	1106714970.140845
569	629639217152.000000	1106571559.142355
570	631776346112.000000	1108379554.582456
571	631902437376.000000	1106659259.852890
572	632061886464.000000	1105003298.013986
573	633437945856.000000	1105476345.298429
574	634720616448.000000	1105785046.076655
575	635198636032.000000	1104693280.055652
576	635670626304.000000	1103594837.333333
577	637024075776.000000	1104027860.963605
578	639007326208.000000	1105549007.280277
579	640592052224.000000	1106376601.423143
580	641586036736.000000	1106182821.958621
581	642527854592.000000	1105899921.845095
582	644354473984.000000	1107138271.450172
583	646400311296.000000	1108748389.873070
584	648438087680.000000	1110339191.232877
585	650368843776.000000	1111741613.292308
586	652016025600.000000	1112655333.788396
587	652732334080.000000	1111980126.201022
588	653884981248.000000	1112049287.836735
589	654355595264.000000	1110960263.606112
590	655381102592.000000	1110815428.122034
591	657420845056.000000	1112387216.676819
592	658421907456.000000	1112199168.000000
593	660320944128.000000	1113526044.060708
594	662398173184.000000	1115148439.703704
595	662792830976.000000	1113937531.052101
596	663776460800.000000	1113718893.959732
597	665451954176.000000	1114659889.742043
598	667097890816.000000	1115548312.401338
599	669040902144.000000	1116929719.772955
600	669594091520.000000	1115990152.533333
601	671229673472.000000	1116854697.956739
602	673298776064.000000	1118436505.089701
603	674011414528.000000	1117763539.847430
604	674875506688.000000	1117343554.119205
605	676079796224.000000	1117487266.485950
606	677270454272.000000	1117608010.349835
607	678606536704.000000	1117967935.261944
608	679016792064.000000	1116803934.315789
609	680043216896.000000	1116655528.564860
610	680816541696.000000	1116092691.304918
611	682220716032.000000	1116564183.358429
612	684188958720.000000	1117955814.901961
613	684641419264.000000	1116870178.244698
614	685943947264.000000	1117172552.547231
615	687802482688.000000	1118378020.630894
616	688038215680.000000	1116945155.324675
617	688840441856.000000	1116435075.941653
618	689267802112.000000	1115320068.142395
619	690656182272.000000	1115761199.147011
620	691928956928.000000	1116014446.658065
621	693381824512.000000	1116556883.272142
622	694662463488.000000	1116820680.848875
623	694788882432.000000	1115230950.934189
624	695993368576.000000	1115373988.102564
625	697203752960.000000	1115526004.736000
626	697724764160.000000	1114576300.575080
627	697765396480.000000	1112863471.259968
628	698503790592.000000	1112267182.471338
629	698523254784.000000	1110529816.826709
630	700506898432.000000	1111915711.796825
631	701798481920.000000	1112200446.782884
632	703453528064.000000	1113059379.848101
633	705358790656.000000	1114310885.712480
634	707362947072.000000	1115714427.558360
635	707734601728.000000	1114542679.886614
636	708696604672.000000	1114302837.534591
637	709744001024.000000	1114197803.805337
638	711451738112.000000	1115128116.163009
639	712823996416.000000	1115530510.823161
640	714897752064.000000	1117027737.600000
641	715231330304.000000	1115805507.494540
642	715860279296.000000	1115047164.012461
643	717754793984.000000	1116259399.664075
644	718540832768.000000	1115746634.732919
645	720472375296.000000	1117011434.567442
646	722077941760.000000	1117767711.702786
647	723099713536.000000	1117619340.859351
648	723685933056.000000	1116799279.407408
649	725718859776.000000	1118210877.929122
650	725981528064.000000	1116894658.560000
651	727840587776.000000	1118034697.044547
652	729178898432.000000	1118372543.607362
653	730722205696.000000	1119023285.905054
654	732707618816.000000	1120348041.003058
655	733102866432.000000	1119241017.453435
656	733709074432.000000	1118458954.926829
657	734068080640.000000	1117303014.672755
658	734503960576.000000	1116267417.288754
659	735848562688.000000	1116613903.927162
660	736227033088.000000	1115495504.678788
661	736499073024.000000	1114219475.074130
662	736987709440.000000	1113274485.558912
663	739021225984.000000	1114662482.630468
664	739050979328.000000	1113028583.325301
665	739396354048.000000	1111874216.613534
666	739654041600.000000	1110591654.054054
667	740645863424.000000	1110413588.341829
668	742038634496.000000	1110836279.185629
669	744004059136.000000	1112113690.786248
670	744220655616.000000	1110777097.934328
671	745539698688.000000	1111087479.415797
672	745691217920.000000	1109659550.476191
673	746536763392.000000	1109267107.566122
674	747602837504.000000	1109203023.002967
675	748540395520.000000	1108948734.103704
676	749169999872.000000	1108239644.781065
677	749694156800.000000	1107376893.353028
678	751653486592.000000	1108633461.050148
679	752869310464.000000	1108791326.162003
680	753278844928.000000	1107763007.247059
681	753353424896.000000	1106245851.535976
682	754280824832.000000	1105983614.123167
683	756028669952.000000	1106923382.067350
684	757646557184.000000	1107670405.239766
685	758411886592.000000	1107170637.360584
686	760554979328.000000	1108680727.883382
687	760631590912.000000	1107178443.831150
688	761755926528.000000	1107203381.581395
689	762187481088.000000	1106222759.198839
690	763608694784.000000	1106679267.802899
691	765111500800.000000	1107252533.719248
692	765815029760.000000	1106669118.150289
693	767724879872.000000	1107828109.483406
694	769113653248.000000	1108232929.752161
695	769847001088.000000	1107693526.745324
696	769954742272.000000	1106256813.609195
697	771601203200.000000	1107031855.380201
698	773326372864.000000	1107917439.633238
699	774826819584.000000	1108478997.974249
700	776291221504.000000	1108987459.291429
701	778232922112.000000	1110175352.513552
702	778904928256.000000	1109551179.851852
703	780520849408.000000	1110271478.532006
704	781160677376.000000	1109603234.909091
705	782898757632.000000	1110494691.676596
706	783304753152.000000	1109496817.495751
707	784574185472.000000	1109723034.613861
708	784688939008.000000	1108317710.463277
709	784906780672.000000	1107061749.889986
710	785244553216.000000	1105978243.966197
711	785768841216.000000	1105160114.227848
712	786061262848.000000	1104018627.595506
713	787326369792.000000	1104244557.913043
714	787451019264.000000	1102872576.000000
715	789361328128.000000	1104001857.521678
716	791391764480.000000	1105295760.446927
717	791512088576.000000	1103922020.329149
718	793499009024.000000	1105151823.153203
719	794506297344.000000	1105015712.578581
720	795058110464.000000	1104247375.644444
721	796318695424.000000	1104464210.019418
722	796681240576.000000	1103436621.296399
723	797936648192.000000	1103646816.309820
724	798959599616.000000	1103535358.585635
725	800710983680.000000	1104428943.006896
726	802699673600.000000	1105646933.333333
727	803830366208.000000	1105681384.055021
728	805080727552.000000	1105880120.263736
729	806647103488.000000	1106511801.766804
730	807130824704.000000	1105658663.978082
731	807698104320.000000	1104922167.332421
732	809058697216.000000	1105271444.284153
733	810214424576.000000	1105340279.094134
734	810250207232.000000	1103883116.119891
735	812250628096.000000	1105102895.368707
736	812996952064.000000	1104615424.000000
737	813438730240.000000	1103716051.886024
738	814561034240.000000	1103741238.807588
739	815422111744.000000	1103412871.101489
740	816081731584.000000	1102813150.789189
741	817541808128.000000	1103295287.622132
742	818927239168.000000	1103675524.485175
743	819879280640.000000	1103471440.969044
744	820456980480.000000	1102764758.709677
745	821967060992.000000	1103311491.264430
746	822681927680.000000	1102790787.774799
747	823142645760.000000	1101931252.690763
748	824773050368.000000	1102637767.871658
749	825327353856.000000	1101905679.380507
750	826795294720.000000	1102393726.293333
751	826830028800.000000	1100972075.632490
752	828644917248.000000	1101921432.510638
753	830475468800.000000	1102889068.791501
754	831765610496.000000	1103137414.450928
755	832455966720.000000	1102590684.397351
756	833890418688.000000	1103029654.349206
757	835021766656.000000	1103067062.953765
758	836842815488.000000	1104014268.453826
759	837380145152.000000	1103267648.421607
760	837930385408.000000	1102539980.800000
761	838087671808.000000	1101297860.457293
762	839192281088.000000	1101302206.152231
763	841103114240.000000	1102363190.353866
764	842416128000.000000	1102638910.994764
765	843556519936.000000	1102688261.354248
766	845320290304.000000	1103551292.825065
767	847379628032.000000	1104797428.985658
768	848961798144.000000	1105419008.000000
769	849700454400.000000	1104942073.342003
770	850473451520.000000	1104510976.000000
771	850567757824.000000	1103200723.507133
772	850619006976.000000	1101838091.937824
773	850629885952.000000	1100426760.610608
774	851676233728.000000	1100356891.121447
775	852305182720.000000	1099748622.864516
776	853826142208.000000	1100291420.371134
777	855587422208.000000	1101142113.523809
778	856677089280.000000	1101127364.113111
779	857680969728.000000	1101002528.534018
780	857849004032.000000	1099806415.425641
781	858259128320.000000	1098923339.718310
782	859297742848.000000	1098846218.475703
783	861280665600.000000	1099975307.279694
784	861373857792.000000	1098691145.142857
785	861555130368.000000	1097522459.067516
786	862080991232.000000	1096795154.239186
787	863608635392.000000	1097342611.679797
788	864921255936.000000	1097615807.025381
789	865120681984.000000	1096477416.963245
790	867185655808.000000	1097703361.782279
791	869048516608.000000	1098670691.034134
792	869405229056.000000	1097733875.070707
793	870427328512.000000	1097638497.493064
794	872053604352.000000	1098304287.596977
795	873723265024.000000	1099022974.872956
796	873738272768.000000	1097661146.693467
797	874980835328.000000	1097842955.242158
798	876562350080.000000	1098449060.250627
799	878159462400.000000	1099073169.461827
800	880140681216.000000	1100175851.520000
801	880347709440.000000	1099060810.786517
802	882039128064.000000	1099799411.551122
803	884071596032.000000	1100960891.696140
804	884289503232.000000	1099862566.208955
805	884879851520.000000	1099229629.217391
806	885393784832.000000	1098503455.126551
807	887132717056.000000	1099297047.157373
808	887336796160.000000	1098189104.158416
809	888940396544.000000	1098813839.980222
810	889535725568.000000	1098192253.787654
811	889907904512.000000	1097297046.254007
812	891921629184.000000	1098425651.704433
813	893555572736.000000	1099084345.308733
814	893763190784.000000	1097989177.867322
815	895870107648.000000	1099227125.948466
816	897685323776.000000	1100104563.450980
817	898418802688.000000	1099655817.243574
818	899905880064.000000	1100129437.731051
819	900886233088.000000	1099983190.583639
820	901819072512.000000	1099779356.721951
821	903223574528.000000	1100150517.086480
822	903919304704.000000	1099658521.537713
823	905208856576.000000	1099889254.648846
824	905487974400.000000	1098893172.815534
825	905662496768.000000	1097772723.355151
826	906474225664.000000	1097426423.322034
827	906768351232.000000	1096455080.087062
828	908185436160.000000	1096842314.202899
829	908431261696.000000	1095815755.966224
830	910322499584.000000	1096774095.884337
831	911573319680.000000	1096959470.132371
832	912026173440.000000	1096185304.615385
833	913461411840.000000	1096592331.140456
834	914597150720.000000	1096639269.448441
835	915267911680.000000	1096129235.544910
836	917293498368.000000	1097241026.755981
837	918943236096.000000	1097901118.394265
838	919205445632.000000	1096903873.069212
839	919287627776.000000	1095694431.199046
840	920393416704.000000	1095706448.457143
841	921250889728.000000	1095423174.468490
842	921705250816.000000	1094661818.071259
843	922677280768.000000	1094516347.293001
844	923021213696.000000	1093627030.445498
845	923683192832.000000	1093116204.534911
846	924614656000.000000	1092925125.295508
847	924626321408.000000	1091648549.478158
848	926021713920.000000	1092006738.113208
849	926292770816.000000	1091039777.168433
850	927284789248.000000	1090923281.468235
851	927465603072.000000	1089853822.646298
852	929141161984.000000	1090541269.934272
853	930828910592.000000	1091241395.770223
854	932299210752.000000	1091685258.491803
855	934253887488.000000	1092694605.249123
856	936116158464.000000	1093593643.065421
857	936250769408.000000	1092474643.416569
858	936352088064.000000	1091319449.958042
859	937483960320.000000	1091366659.278230
860	937864331264.000000	1090539920.074419
861	939856887808.000000	1091587558.429733
862	940092096512.000000	1090594079.480278
863	940925321216.000000	1090295853.089224
864	942205632512.000000	1090515778.370370
865	943576580096.000000	1090839976.989595
866	945080565760.000000	1091317050.531178
867	946238914560.000000	1091394365.121107
868	947112116224.000000	1091142991.041475
869	948878245888.000000	1091919730.596087
870	950118776832.000000	1092090548.082759
871	952097767424.000000	1093108803.012629
872	952573952000.000000	1092401321.100917
873	954268844032.000000	1093091459.372279
874	955072446464.000000	1092760236.228833
875	955892563968.000000	1092448644.534857
876	956101951488.000000	1091440583.890411
877	957837017088.000000	1092174477.865450
878	958668800000.000000	1091877904.328018
879	960273580032.000000	1092461410.730376
880	962279702528.000000	1093499661.963636
881	964103503872.000000	1094328608.254256
882	965889032192.000000	1095112281.396825
883	967423229952.000000	1095609546.944507
884	968787296256.000000	1095913231.058824
885	969895706624.000000	1095927352.117514
886	971237163008.000000	1096204472.920993
887	972316082176.000000	1096184985.542277
888	973559103488.000000	1096350341.765766
889	975001878528.000000	1096740020.841395
890	975065186304.000000	1095578861.015730
891	976688578560.000000	1096171244.175084
892	977976426496.000000	1096386128.358744
893	978274942976.000000	1095492657.307951
894	978584076288.000000	1094613060.724832
895	979004751872.000000	1093860057.957542
896	980674215936.000000	1094502473.142857
897	982487269376.000000	1095303533.306577
898	984066359296.000000	1095842270.930958
899	984461541376.000000	1095062893.632926
900	985893306368.000000	1095437007.075556
901	986565443584.000000	1094967195.986681
902	986792198144.000000	1094004654.261641
903	988700082176.000000	1094905960.327796
904	988919627776.000000	1093937641.345133
905	989949919232.000000	1093867314.068508
906	990530437120.000000	1093300703.222958
907	990959370240.000000	1092568214.156560
908	991577309184.000000	1092045494.696035
909	992989609984.000000	1092397810.763476
910	995023257600.000000	1093432151.208791
911	995499835392.000000	1092755033.361142
912	996588453888.000000	1092750497.684211
913	998260211712.000000	1093384678.764513
914	1000270987264.000000	1094388388.691466
915	1000576188416.000000	1093525888.979235
916	1001208807424.000000	1093022715.528384
917	1002413555712.000000	1093144553.666303
918	1003797676032.000000	1093461520.732026
919	1005673316352.000000	1094312640.208923
920	1006173356032.000000	1093666691.339130
921	1007620784128.000000	1094050797.098806
922	1008972333056.000000	1094330079.236443
923	1010760220672.000000	1095081495.852654
924	1012506099712.000000	1095785822.199134
925	1014166781952.000000	1096396521.029189
926	1014227861504.000000	1095278468.146868
927	1015495720960.000000	1095464639.654800
928	1016821972992.000000	1095713332.965517
929	1018462142464.000000	1096299399.853606
930	1020125249536.000000	1096908870.468817
931	1020735782912.000000	1096386447.810956
932	1020900605952.000000	1095386916.257511
933	1022790402048.000000	1096238373.041801
934	1023161335808.000000	1095461815.640257
935	1023545704448.000000	1094701288.179679
936	1024318308352.000000	1094357167.042735
937	1025269760000.000000	1094204653.148346
938	1026083061760.000000	1093905183.113006
939	1027473604608.000000	1094221091.169329
940	1027689807872.000000	1093287029.651064
941	1028389273600.000000	1092868516.046759
942	1030256394240.000000	1093690439.745223
943	1031561216000.000000	1093914332.979851
944	1031784955904.000000	1092992538.033898
945	1033515368448.000000	1093667056.558730
946	1035125391360.000000	1094212887.272727
947	1035981750272.000000	1093961721.512144
948	1036769427456.000000	1093638636.556962
949	1037616021504.000000	1093378315.599579
950	1038200537088.000000	1092842670.618947
951	1039488253952.000000	1093047585.648791
952	1039634792448.000000	1092053353.411765
953	1041570856960.000000	1092938989.464848
954	1042498977792.000000	1092766224.100629
955	1044391395328.000000	1093603555.317277
956	1045840592896.000000	1093975515.581590
957	1046829858816.000000	1093866101.166144
958	1047842717696.000000	1093781542.480167
959	1048470683648.000000	1093295811.937435
960	1048952635392.000000	1092658995.200000
961	1049481052160.000000	1092071854.484911
962	1050719551488.000000	1092224065.995842
963	1051366326272.000000	1091761501.840083
964	1051637055488.000000	1090909808.597510
965	1053246488576.000000	1091447138.420725
966	1054277632000.000000	1091384712.215321
967	1055321030656.000000	1091335088.579111
968	1055734366208.000000	1090634675.834711
969	1057578745856.000000	1091412534.423117
970	1057865203712.000000	1090582684.239175
971	1058494808064.000000	1090107938.273944
972	1058891169792.000000	1089394207.604938
973	1058897264640.000000	1088280847.523124
974	1060831625216.000000	1089149512.542094
975	1061451726848.000000	1088668437.792820
976	1063188234240.000000	1089332207.213115
977	1064585134080.000000	1089647015.435005
978	1066061594624.000000	1090042530.290389
979	1066438295552.000000	1089313887.182840
980	1066534371328.000000	1088300378.906122
981	1068595347456.000000	1089291893.431193
982	1070259765248.000000	1089877561.352342
983	1070502379520.000000	1089015645.493388
984	1072351936512.000000	1089788553.365854
985	1072796991488.000000	1089134001.510660
986	1074932023296.000000	1090194749.793103
987	1076083294208.000000	1090256630.403242
988	1077517615104.000000	1090604873.587044
989	1078517956608.000000	1090513606.277048
990	1080297259008.000000	1091209352.533333
991	1082213531648.000000	1092041908.827447
992	1083742355456.000000	1092482213.161290
993	1084612673536.000000	1092258482.916415
994	1085028171776.000000	1091577637.601610
995	1086827724800.000000	1092289170.653266
996	1087159992320.000000	1091526096.706827
997	1088606633984.000000	1091882280.826479
998	1089302102016.000000	1091485072.160321
999	1090047705088.000000	1091138843.931932
1000	1091191242752.000000	1091191242.752000
